time	V(vo)
0.000000000000000e+000	0.000000e+000
6.604438856814335e-008	6.537178e-002
1.320887771362867e-007	1.295793e-001
1.981331657044301e-007	1.926226e-001
2.641775542725734e-007	2.545017e-001
3.302219428407167e-007	3.152165e-001
3.962663314088601e-007	3.747670e-001
4.623107199770033e-007	4.331534e-001
5.393377599802885e-007	5.001053e-001
6.163647999835739e-007	5.655314e-001
6.933918399868592e-007	6.294318e-001
7.704188799901444e-007	6.918065e-001
8.474459199934296e-007	7.526553e-001
9.244729599967150e-007	8.119784e-001
1.001500000000000e-006	8.697758e-001
1.003500000000000e-006	8.692803e-001
1.149642857142868e-006	8.339628e-001
1.295785714285737e-006	7.999669e-001
1.441928571428605e-006	7.672927e-001
1.588071428571473e-006	7.359401e-001
1.734214285714341e-006	7.059093e-001
1.880357142857209e-006	6.772001e-001
2.026500000000077e-006	6.498126e-001
2.027500000000077e-006	6.496283e-001
2.173642857142946e-006	6.233736e-001
2.319785714285813e-006	5.981251e-001
2.465928571428682e-006	5.738829e-001
2.612071428571550e-006	5.506470e-001
2.758214285714418e-006	5.284173e-001
2.904357142857286e-006	5.071939e-001
3.050500000000154e-006	4.869767e-001
3.051500000000154e-006	4.868408e-001
3.197642857143007e-006	4.674858e-001
3.343785714285859e-006	4.488966e-001
3.489928571428712e-006	4.310731e-001
3.636071428571564e-006	4.140153e-001
3.782214285714416e-006	3.977233e-001
3.928357142857269e-006	3.821970e-001
4.074500000000121e-006	3.674364e-001
4.075500000000121e-006	3.673372e-001
4.221642857142927e-006	3.532325e-001
4.367785714285733e-006	3.397100e-001
4.513928571428539e-006	3.267698e-001
4.660071428571346e-006	3.144118e-001
4.806214285714152e-006	3.026362e-001
4.952357142856959e-006	2.914429e-001
5.098499999999764e-006	2.808318e-001
5.099499999999764e-006	2.807606e-001
5.214785714285438e-006	2.727293e-001
5.330071428571112e-006	2.649813e-001
5.445357142856786e-006	2.575165e-001
5.560642857142461e-006	2.503349e-001
5.675928571428134e-006	2.434365e-001
5.791214285713809e-006	2.368214e-001
5.906499999999483e-006	2.304894e-001
5.937357142856614e-006	2.288326e-001
5.968214285713747e-006	2.271934e-001
5.999071428570879e-006	2.255719e-001
6.029928571428011e-006	2.239681e-001
6.060785714285143e-006	2.223819e-001
6.091642857142276e-006	2.208134e-001
6.122499999999407e-006	2.192626e-001
6.123499999999407e-006	2.192126e-001
6.269642857142213e-006	2.121328e-001
6.415785714285020e-006	2.053887e-001
6.561928571427826e-006	1.989804e-001
6.708071428570632e-006	1.929078e-001
6.854214285713439e-006	1.871709e-001
7.000357142856245e-006	1.817697e-001
7.146499999999051e-006	1.767043e-001
7.147499999999050e-006	1.766704e-001
7.293642857141922e-006	1.718919e-001
7.439785714284794e-006	1.673678e-001
7.585928571427665e-006	1.630981e-001
7.732071428570537e-006	1.590828e-001
7.878214285713409e-006	1.553219e-001
8.024357142856280e-006	1.518154e-001
8.170499999999152e-006	1.485632e-001
8.171499999999153e-006	1.485416e-001
8.317642857142082e-006	1.455066e-001
8.463785714285013e-006	1.426641e-001
8.609928571427942e-006	1.400139e-001
8.756071428570873e-006	1.375562e-001
8.902214285713802e-006	1.352908e-001
9.048357142856733e-006	1.332178e-001
9.194499999999663e-006	1.313372e-001
9.195499999999663e-006	1.313248e-001
9.341642857142593e-006	1.296082e-001
9.487785714285524e-006	1.280367e-001
9.633928571428453e-006	1.266104e-001
9.780071428571384e-006	1.253292e-001
9.926214285714313e-006	1.241931e-001
1.007235714285724e-005	1.232021e-001
1.021850000000017e-005	1.223563e-001
1.021950000000017e-005	1.223509e-001
1.036564285714310e-005	1.216285e-001
1.051178571428603e-005	1.210153e-001
1.065792857142896e-005	1.205111e-001
1.080407142857189e-005	1.201161e-001
1.095021428571482e-005	1.198302e-001
1.109635714285776e-005	1.196534e-001
1.124250000000068e-005	1.195856e-001
1.124350000000068e-005	1.195854e-001
1.138964285714361e-005	1.196103e-001
1.153578571428655e-005	1.197169e-001
1.168192857142947e-005	1.199051e-001
1.182807142857241e-005	1.201749e-001
1.197421428571533e-005	1.205265e-001
1.212035714285827e-005	1.209597e-001
1.226650000000120e-005	1.214745e-001
1.226750000000120e-005	1.214782e-001
1.241364285714412e-005	1.220622e-001
1.255978571428706e-005	1.227068e-001
1.270592857142999e-005	1.234123e-001
1.285207142857292e-005	1.241785e-001
1.299821428571585e-005	1.250054e-001
1.314435714285878e-005	1.258931e-001
1.329050000000171e-005	1.268416e-001
1.329150000000171e-005	1.268482e-001
1.343764285714464e-005	1.278478e-001
1.358378571428757e-005	1.288923e-001
1.372992857143050e-005	1.299816e-001
1.387607142857343e-005	1.311158e-001
1.402221428571636e-005	1.322947e-001
1.416835714285929e-005	1.335186e-001
1.431450000000222e-005	1.347872e-001
1.431550000000222e-005	1.347960e-001
1.446164285714513e-005	1.361022e-001
1.460778571428804e-005	1.374411e-001
1.475392857143095e-005	1.388128e-001
1.490007142857386e-005	1.402171e-001
1.504621428571677e-005	1.416542e-001
1.519235714285968e-005	1.431241e-001
1.533850000000259e-005	1.446266e-001
1.533950000000259e-005	1.446370e-001
1.548564285714527e-005	1.461667e-001
1.563178571428795e-005	1.477199e-001
1.577792857143064e-005	1.492967e-001
1.592407142857332e-005	1.508969e-001
1.607021428571600e-005	1.525207e-001
1.621635714285869e-005	1.541680e-001
1.636250000000137e-005	1.558388e-001
1.636350000000137e-005	1.558503e-001
1.650964285714405e-005	1.575404e-001
1.665578571428673e-005	1.592470e-001
1.680192857142941e-005	1.609701e-001
1.694807142857210e-005	1.627098e-001
1.709421428571478e-005	1.644660e-001
1.724035714285746e-005	1.662386e-001
1.738650000000014e-005	1.680278e-001
1.738750000000014e-005	1.680401e-001
1.753364285714282e-005	1.698426e-001
1.767978571428551e-005	1.716563e-001
1.782592857142819e-005	1.734812e-001
1.797207142857087e-005	1.753173e-001
1.811821428571356e-005	1.771647e-001
1.826435714285624e-005	1.790232e-001
1.841049999999892e-005	1.808929e-001
1.841149999999892e-005	1.809058e-001
1.855764285714160e-005	1.827842e-001
1.870378571428428e-005	1.846699e-001
1.884992857142696e-005	1.865628e-001
1.899607142856965e-005	1.884628e-001
1.914221428571233e-005	1.903701e-001
1.928835714285501e-005	1.922845e-001
1.943449999999769e-005	1.942061e-001
1.943549999999769e-005	1.942192e-001
1.958164285714038e-005	1.961461e-001
1.972778571428306e-005	1.980772e-001
1.987392857142574e-005	2.000124e-001
2.002007142856842e-005	2.019517e-001
2.016621428571111e-005	2.038951e-001
2.031235714285379e-005	2.058427e-001
2.045849999999647e-005	2.077945e-001
2.045949999999647e-005	2.078079e-001
2.148349999999525e-005	2.215412e-001
2.250749999999402e-005	2.353211e-001
2.353149999999280e-005	2.490739e-001
2.455549999999157e-005	2.627443e-001
2.557949999999035e-005	2.762917e-001
2.660349999998912e-005	2.896860e-001
2.762749999998790e-005	3.029055e-001
2.865149999998668e-005	3.159347e-001
2.967549999998545e-005	3.287629e-001
3.069949999998484e-005	3.413829e-001
3.172349999998709e-005	3.537903e-001
3.274749999998933e-005	3.659829e-001
3.377149999999158e-005	3.779597e-001
3.479549999999382e-005	3.897213e-001
3.581949999999607e-005	4.012688e-001
3.684349999999831e-005	4.126042e-001
3.786750000000056e-005	4.237299e-001
3.889150000000280e-005	4.346485e-001
3.991550000000505e-005	4.453631e-001
4.093950000000730e-005	4.558768e-001
4.196350000000954e-005	4.661928e-001
4.298750000001179e-005	4.763145e-001
4.401150000001403e-005	4.862453e-001
4.503550000001628e-005	4.959884e-001
4.605950000001852e-005	5.055473e-001
4.708350000002077e-005	5.149254e-001
4.810750000002301e-005	5.241259e-001
4.913150000002526e-005	5.331522e-001
5.015550000002750e-005	5.420074e-001
5.117950000002975e-005	5.506948e-001
5.220350000003199e-005	5.592175e-001
5.322750000003424e-005	5.675787e-001
5.425150000003648e-005	5.757812e-001
5.527550000003873e-005	5.838283e-001
5.629950000004098e-005	5.917228e-001
5.732350000004322e-005	5.994675e-001
5.834750000004547e-005	6.070653e-001
5.937150000004771e-005	6.145191e-001
6.039550000004996e-005	6.218314e-001
6.141950000005220e-005	6.290050e-001
6.244350000005445e-005	6.360426e-001
6.346750000005669e-005	6.429467e-001
6.449150000005894e-005	6.497198e-001
6.551550000006118e-005	6.563644e-001
6.653950000006343e-005	6.628830e-001
6.756350000006567e-005	6.692779e-001
6.858750000006792e-005	6.755515e-001
6.961150000007016e-005	6.817062e-001
7.063550000007241e-005	6.877440e-001
7.165950000007466e-005	6.936674e-001
7.268350000007690e-005	6.994783e-001
7.370750000007915e-005	7.051791e-001
7.473150000008139e-005	7.107717e-001
7.575550000008364e-005	7.162582e-001
7.677950000008588e-005	7.216406e-001
7.780350000008813e-005	7.269210e-001
7.882750000009037e-005	7.321011e-001
7.985150000009262e-005	7.371830e-001
8.087550000009486e-005	7.421685e-001
8.189950000009711e-005	7.470595e-001
8.292350000009935e-005	7.518576e-001
8.394750000010160e-005	7.565648e-001
8.497150000010384e-005	7.611826e-001
8.599550000010609e-005	7.657129e-001
8.701950000010834e-005	7.701572e-001
8.804350000011058e-005	7.745172e-001
8.906750000011283e-005	7.787945e-001
9.009150000011507e-005	7.829906e-001
9.111550000011732e-005	7.871072e-001
9.213950000011956e-005	7.911456e-001
9.316350000012181e-005	7.951075e-001
9.418750000012405e-005	7.989942e-001
9.521150000012630e-005	8.028072e-001
9.623550000012854e-005	8.065478e-001
9.725950000013079e-005	8.102175e-001
9.828350000013303e-005	8.138176e-001
9.930750000013528e-005	8.173494e-001
1.003315000001375e-004	8.208142e-001
1.013555000001398e-004	8.242132e-001
1.023795000001420e-004	8.275478e-001
1.034035000001443e-004	8.308191e-001
1.044275000001465e-004	8.340284e-001
1.054515000001488e-004	8.371768e-001
1.064755000001510e-004	8.402655e-001
1.074995000001532e-004	8.432956e-001
1.085235000001555e-004	8.462682e-001
1.095475000001577e-004	8.491844e-001
1.105715000001600e-004	8.520453e-001
1.115955000001622e-004	8.548519e-001
1.126195000001645e-004	8.576053e-001
1.136435000001667e-004	8.603064e-001
1.146675000001690e-004	8.629563e-001
1.156915000001712e-004	8.655560e-001
1.167155000001735e-004	8.681063e-001
1.177395000001757e-004	8.706083e-001
1.187635000001779e-004	8.730628e-001
1.197875000001802e-004	8.754707e-001
1.208115000001824e-004	8.778329e-001
1.218355000001847e-004	8.801504e-001
1.228595000001762e-004	8.824239e-001
1.238835000001646e-004	8.846543e-001
1.249075000001530e-004	8.868423e-001
1.259315000001413e-004	8.889889e-001
1.269555000001297e-004	8.910947e-001
1.279795000001181e-004	8.931605e-001
1.290035000001064e-004	8.951873e-001
1.300275000000948e-004	8.971755e-001
1.310515000000832e-004	8.991260e-001
1.320755000000715e-004	9.010395e-001
1.330995000000599e-004	9.029168e-001
1.341235000000483e-004	9.047584e-001
1.351475000000366e-004	9.065651e-001
1.361715000000250e-004	9.083375e-001
1.371955000000134e-004	9.100763e-001
1.382195000000017e-004	9.117821e-001
1.392434999999901e-004	9.134555e-001
1.402674999999785e-004	9.150972e-001
1.412914999999668e-004	9.167078e-001
1.423154999999552e-004	9.182878e-001
1.433394999999436e-004	9.198378e-001
1.443634999999320e-004	9.213585e-001
1.453874999999203e-004	9.228503e-001
1.464114999999087e-004	9.243137e-001
1.474354999998971e-004	9.257495e-001
1.484594999998854e-004	9.271580e-001
1.494834999998738e-004	9.285398e-001
1.505074999998622e-004	9.298953e-001
1.515314999998505e-004	9.312252e-001
1.525554999998389e-004	9.325298e-001
1.535794999998273e-004	9.338096e-001
1.546034999998156e-004	9.350653e-001
1.556274999998040e-004	9.362971e-001
1.566514999997924e-004	9.375054e-001
1.576754999997807e-004	9.386910e-001
1.586994999997691e-004	9.398540e-001
1.597234999997575e-004	9.409949e-001
1.607474999997458e-004	9.421142e-001
1.617714999997342e-004	9.432122e-001
1.627954999997226e-004	9.442894e-001
1.638194999997109e-004	9.453463e-001
1.648434999996993e-004	9.463830e-001
1.658674999996877e-004	9.474001e-001
1.668914999996760e-004	9.483979e-001
1.679154999996644e-004	9.493768e-001
1.689394999996528e-004	9.503371e-001
1.699634999996411e-004	9.512792e-001
1.709874999996295e-004	9.522033e-001
1.720114999996179e-004	9.531100e-001
1.730354999996062e-004	9.539995e-001
1.740594999995946e-004	9.548721e-001
1.750834999995830e-004	9.557282e-001
1.761074999995713e-004	9.565680e-001
1.771314999995597e-004	9.573919e-001
1.781554999995481e-004	9.582001e-001
1.791794999995364e-004	9.589930e-001
1.802034999995248e-004	9.597709e-001
1.812274999995132e-004	9.605340e-001
1.822514999995016e-004	9.612827e-001
1.832754999994899e-004	9.620171e-001
1.842994999994783e-004	9.627377e-001
1.853234999994667e-004	9.634445e-001
1.863474999994550e-004	9.641380e-001
1.873714999994434e-004	9.648182e-001
1.883954999994318e-004	9.654856e-001
1.894194999994201e-004	9.661403e-001
1.904434999994085e-004	9.667826e-001
1.914674999993969e-004	9.674128e-001
1.924914999993852e-004	9.680309e-001
1.935154999993736e-004	9.686373e-001
1.945394999993620e-004	9.692323e-001
1.955634999993503e-004	9.698159e-001
1.965874999993387e-004	9.703885e-001
1.976114999993271e-004	9.709502e-001
1.986354999993154e-004	9.715013e-001
1.996594999993038e-004	9.720419e-001
2.006834999992922e-004	9.725722e-001
2.017074999992805e-004	9.730925e-001
2.027314999992689e-004	9.736030e-001
2.037554999992573e-004	9.741037e-001
2.047794999992456e-004	9.745950e-001
2.058034999992340e-004	9.750769e-001
2.068274999992224e-004	9.755496e-001
2.078514999992107e-004	9.760134e-001
2.088754999991991e-004	9.764684e-001
2.098994999991875e-004	9.769148e-001
2.109234999991758e-004	9.773527e-001
2.119474999991642e-004	9.777824e-001
2.129714999991526e-004	9.782038e-001
2.139954999991409e-004	9.786173e-001
2.150194999991293e-004	9.790229e-001
2.160434999991177e-004	9.794208e-001
2.170674999991060e-004	9.798112e-001
2.180914999990944e-004	9.801942e-001
2.191154999990828e-004	9.805698e-001
2.201394999990712e-004	9.809384e-001
2.211634999990595e-004	9.813001e-001
2.221874999990479e-004	9.816548e-001
2.232114999990363e-004	9.820027e-001
2.242354999990246e-004	9.823442e-001
2.252594999990130e-004	9.826791e-001
2.262834999990014e-004	9.830077e-001
2.273074999989897e-004	9.833300e-001
2.283314999989781e-004	9.836462e-001
2.293554999989665e-004	9.839565e-001
2.303794999989548e-004	9.842608e-001
2.314034999989432e-004	9.845594e-001
2.324274999989316e-004	9.848523e-001
2.334514999989199e-004	9.851396e-001
2.344754999989083e-004	9.854215e-001
2.354994999988967e-004	9.856980e-001
2.365234999988850e-004	9.859693e-001
2.375474999988734e-004	9.862355e-001
2.385714999988618e-004	9.864966e-001
2.395954999988501e-004	9.867527e-001
2.406194999988385e-004	9.870040e-001
2.416434999988269e-004	9.872506e-001
2.426674999988152e-004	9.874924e-001
2.436914999988036e-004	9.877297e-001
2.447154999988076e-004	9.879624e-001
2.457394999988237e-004	9.881908e-001
2.467634999988398e-004	9.884148e-001
2.477874999988559e-004	9.886346e-001
2.488114999988720e-004	9.888502e-001
2.498354999988882e-004	9.890617e-001
2.508594999989043e-004	9.892691e-001
2.518834999989204e-004	9.894727e-001
2.529074999989365e-004	9.896724e-001
2.539314999989527e-004	9.898683e-001
2.549554999989688e-004	9.900605e-001
2.559794999989849e-004	9.902490e-001
2.570034999990010e-004	9.904341e-001
2.580274999990172e-004	9.906155e-001
2.590514999990333e-004	9.907935e-001
2.600754999990494e-004	9.909682e-001
2.610994999990655e-004	9.911395e-001
2.621234999990817e-004	9.913076e-001
2.631474999990978e-004	9.914725e-001
2.641714999991139e-004	9.916342e-001
2.651954999991300e-004	9.917929e-001
2.662194999991461e-004	9.919486e-001
2.672434999991623e-004	9.921013e-001
2.682674999991784e-004	9.922512e-001
2.692914999991945e-004	9.923981e-001
2.703154999992106e-004	9.925423e-001
2.713394999992268e-004	9.926838e-001
2.723634999992429e-004	9.928226e-001
2.733874999992590e-004	9.929588e-001
2.744114999992751e-004	9.930923e-001
2.754354999992913e-004	9.932234e-001
2.764594999993074e-004	9.933519e-001
2.774834999993235e-004	9.934780e-001
2.785074999993396e-004	9.936017e-001
2.795314999993557e-004	9.937231e-001
2.805554999993719e-004	9.938422e-001
2.815794999993880e-004	9.939590e-001
2.826034999994041e-004	9.940736e-001
2.836274999994202e-004	9.941860e-001
2.846514999994364e-004	9.942963e-001
2.856754999994525e-004	9.944045e-001
2.866994999994686e-004	9.945107e-001
2.877234999994847e-004	9.946148e-001
2.887474999995009e-004	9.947169e-001
2.897714999995170e-004	9.948171e-001
2.907954999995331e-004	9.949154e-001
2.918194999995492e-004	9.950119e-001
2.928434999995653e-004	9.951065e-001
2.938674999995815e-004	9.951994e-001
2.948914999995976e-004	9.952904e-001
2.959154999996137e-004	9.953797e-001
2.969394999996298e-004	9.954674e-001
2.979634999996460e-004	9.955534e-001
2.989874999996621e-004	9.956377e-001
3.000114999996782e-004	9.957205e-001
3.010354999996943e-004	9.958017e-001
3.020594999997105e-004	9.958813e-001
3.030834999997266e-004	9.959595e-001
3.041074999997427e-004	9.960361e-001
3.051314999997588e-004	9.961113e-001
3.061554999997749e-004	9.961851e-001
3.071794999997911e-004	9.962574e-001
3.082034999998072e-004	9.963284e-001
3.092274999998233e-004	9.963980e-001
3.102514999998394e-004	9.964664e-001
3.112754999998556e-004	9.965334e-001
3.122994999998717e-004	9.965992e-001
3.133234999998878e-004	9.966637e-001
3.143474999999039e-004	9.967270e-001
3.153714999999201e-004	9.967890e-001
3.163954999999362e-004	9.968500e-001
3.174194999999523e-004	9.969097e-001
3.184434999999684e-004	9.969683e-001
3.194674999999845e-004	9.970258e-001
3.204915000000007e-004	9.970823e-001
3.215155000000168e-004	9.971376e-001
3.225395000000329e-004	9.971919e-001
3.235635000000490e-004	9.972452e-001
3.245875000000652e-004	9.972975e-001
3.256115000000813e-004	9.973487e-001
3.266355000000974e-004	9.973990e-001
3.276595000001135e-004	9.974483e-001
3.286835000001297e-004	9.974967e-001
3.297075000001458e-004	9.975442e-001
3.307315000001619e-004	9.975908e-001
3.317555000001780e-004	9.976365e-001
3.327795000001941e-004	9.976813e-001
3.338035000002103e-004	9.977253e-001
3.348275000002264e-004	9.977685e-001
3.358515000002425e-004	9.978108e-001
3.368755000002586e-004	9.978523e-001
3.378995000002748e-004	9.978931e-001
3.389235000002909e-004	9.979330e-001
3.399475000003070e-004	9.979722e-001
3.409715000003231e-004	9.980107e-001
3.419955000003393e-004	9.980485e-001
3.430195000003554e-004	9.980855e-001
3.440435000003715e-004	9.981218e-001
3.450675000003876e-004	9.981574e-001
3.460915000004037e-004	9.981924e-001
3.471155000004199e-004	9.982266e-001
3.481395000004360e-004	9.982603e-001
3.491635000004521e-004	9.982933e-001
3.501875000004682e-004	9.983257e-001
3.512115000004844e-004	9.983574e-001
3.522355000005005e-004	9.983886e-001
3.532595000005166e-004	9.984192e-001
3.542835000005327e-004	9.984491e-001
3.553075000005489e-004	9.984786e-001
3.563315000005650e-004	9.985074e-001
3.573555000005811e-004	9.985358e-001
3.583795000005972e-004	9.985635e-001
3.594035000006133e-004	9.985908e-001
3.604275000006295e-004	9.986175e-001
3.614515000006456e-004	9.986438e-001
3.624755000006617e-004	9.986694e-001
3.634995000006778e-004	9.986947e-001
3.645235000006940e-004	9.987195e-001
3.655475000007101e-004	9.987438e-001
3.665715000007262e-004	9.987676e-001
3.675955000007423e-004	9.987910e-001
3.686195000007585e-004	9.988139e-001
3.696435000007746e-004	9.988364e-001
3.706675000007907e-004	9.988585e-001
3.716915000008068e-004	9.988801e-001
3.727155000008229e-004	9.989014e-001
3.737395000008391e-004	9.989222e-001
3.747635000008552e-004	9.989427e-001
3.757875000008713e-004	9.989627e-001
3.768115000008874e-004	9.989824e-001
3.778355000009036e-004	9.990017e-001
3.788595000009197e-004	9.990206e-001
3.798835000009358e-004	9.990392e-001
3.809075000009519e-004	9.990574e-001
3.819315000009681e-004	9.990753e-001
3.829555000009842e-004	9.990929e-001
3.839795000010003e-004	9.991100e-001
3.850035000010164e-004	9.991269e-001
3.860275000010325e-004	9.991435e-001
3.870515000010487e-004	9.991598e-001
3.880755000010648e-004	9.991757e-001
3.890995000010809e-004	9.991913e-001
3.901235000010970e-004	9.992067e-001
3.911475000011132e-004	9.992217e-001
3.921715000011293e-004	9.992365e-001
3.931955000011454e-004	9.992509e-001
3.942195000011615e-004	9.992652e-001
3.952435000011777e-004	9.992791e-001
3.962675000011938e-004	9.992928e-001
3.972915000012099e-004	9.993062e-001
3.983155000012260e-004	9.993194e-001
3.993395000012421e-004	9.993322e-001
4.003635000012583e-004	9.993449e-001
4.013875000012744e-004	9.993573e-001
4.024115000012905e-004	9.993696e-001
4.034355000013066e-004	9.993815e-001
4.044595000013228e-004	9.993932e-001
4.054835000013389e-004	9.994047e-001
4.065075000013550e-004	9.994161e-001
4.075315000013711e-004	9.994271e-001
4.085555000013873e-004	9.994380e-001
4.095795000014034e-004	9.994487e-001
4.106035000014195e-004	9.994591e-001
4.116275000014356e-004	9.994694e-001
4.126515000014517e-004	9.994794e-001
4.136755000014679e-004	9.994893e-001
4.146995000014840e-004	9.994990e-001
4.157235000015001e-004	9.995085e-001
4.167475000015162e-004	9.995178e-001
4.177715000015324e-004	9.995270e-001
4.187955000015485e-004	9.995359e-001
4.198195000015646e-004	9.995447e-001
4.208435000015807e-004	9.995534e-001
4.218675000015969e-004	9.995618e-001
4.228915000016130e-004	9.995702e-001
4.239155000016291e-004	9.995783e-001
4.249395000016452e-004	9.995863e-001
4.259635000016614e-004	9.995942e-001
4.269875000016775e-004	9.996018e-001
4.280115000016936e-004	9.996094e-001
4.290355000017097e-004	9.996168e-001
4.300595000017258e-004	9.996241e-001
4.310835000017420e-004	9.996312e-001
4.321075000017581e-004	9.996382e-001
4.331315000017742e-004	9.996451e-001
4.341555000017903e-004	9.996518e-001
4.351795000018065e-004	9.996584e-001
4.362035000018226e-004	9.996649e-001
4.372275000018387e-004	9.996713e-001
4.382515000018548e-004	9.996775e-001
4.392755000018710e-004	9.996836e-001
4.402995000018871e-004	9.996896e-001
4.413235000019032e-004	9.996955e-001
4.423475000019193e-004	9.997013e-001
4.433715000019354e-004	9.997069e-001
4.443955000019516e-004	9.997125e-001
4.454195000019677e-004	9.997180e-001
4.464435000019838e-004	9.997233e-001
4.474675000019999e-004	9.997286e-001
4.484915000020161e-004	9.997337e-001
4.495155000020322e-004	9.997388e-001
4.499995000020398e-004	9.997411e-001
4.500000000000000e-004	9.997411e-001
