time	V(vo)
0.000000000000000e+000	0.000000e+000
1.000000000000000e-009	9.998606e-001
1.438669120050922e-007	9.609654e-001
2.867338240101844e-007	9.234622e-001
4.296007360152766e-007	8.873510e-001
5.724676480203687e-007	8.526318e-001
7.153345600254608e-007	8.193047e-001
8.582014720305531e-007	7.873696e-001
1.001068384035645e-006	7.568265e-001
1.002068384035645e-006	7.566162e-001
1.148211241178513e-006	7.266211e-001
1.294354098321381e-006	6.977438e-001
1.440496955464250e-006	6.699845e-001
1.586639812607118e-006	6.433432e-001
1.732782669749986e-006	6.178198e-001
1.878925526892854e-006	5.934144e-001
2.025068384035722e-006	5.701269e-001
2.026068384035722e-006	5.699703e-001
2.172211241178590e-006	5.476439e-001
2.318354098321458e-006	5.261724e-001
2.464496955464327e-006	5.055560e-001
2.610639812607195e-006	4.857946e-001
2.756782669750063e-006	4.668882e-001
2.902925526892931e-006	4.488368e-001
3.049068384035799e-006	4.316403e-001
3.050068384035799e-006	4.315247e-001
3.196211241178652e-006	4.150631e-001
3.342354098321504e-006	3.992550e-001
3.488496955464357e-006	3.841004e-001
3.634639812607209e-006	3.695992e-001
3.780782669750062e-006	3.557516e-001
3.926925526892914e-006	3.425575e-001
4.073068384035767e-006	3.300169e-001
4.074068384035766e-006	3.299327e-001
4.220211241178573e-006	3.179535e-001
4.366354098321379e-006	3.064734e-001
4.512496955464185e-006	2.954924e-001
4.658639812606991e-006	2.850105e-001
4.804782669749798e-006	2.750278e-001
4.950925526892604e-006	2.655442e-001
5.097068384035410e-006	2.565597e-001
5.098068384035409e-006	2.564994e-001
5.155639812606818e-006	2.530655e-001
5.213211241178227e-006	2.496957e-001
5.270782669749635e-006	2.463900e-001
5.328354098321044e-006	2.431483e-001
5.385925526892452e-006	2.399707e-001
5.443496955463860e-006	2.368571e-001
5.501068384035269e-006	2.338076e-001
5.589639812606667e-006	2.292384e-001
5.678211241178065e-006	2.248017e-001
5.766782669749463e-006	2.204974e-001
5.855354098320860e-006	2.163257e-001
5.943925526892257e-006	2.122863e-001
6.032496955463655e-006	2.083795e-001
6.121068384035053e-006	2.046051e-001
6.122068384035053e-006	2.045631e-001
6.268211241177859e-006	1.986189e-001
6.414354098320666e-006	1.929649e-001
6.560496955463471e-006	1.876011e-001
6.706639812606278e-006	1.825275e-001
6.852782669749084e-006	1.777441e-001
6.998925526891891e-006	1.732509e-001
7.145068384034696e-006	1.690479e-001
7.146068384034696e-006	1.690199e-001
7.292211241177568e-006	1.650656e-001
7.438354098320439e-006	1.613322e-001
7.584496955463310e-006	1.578196e-001
7.730639812606183e-006	1.545278e-001
7.876782669749053e-006	1.514567e-001
8.022925526891924e-006	1.486065e-001
8.169068384034796e-006	1.459770e-001
8.170068384034797e-006	1.459595e-001
8.316211241177726e-006	1.435191e-001
8.462354098320657e-006	1.412463e-001
8.608496955463586e-006	1.391411e-001
8.754639812606517e-006	1.372035e-001
8.900782669749446e-006	1.354335e-001
9.046925526892377e-006	1.338312e-001
9.193068384035307e-006	1.323965e-001
9.194068384035307e-006	1.323870e-001
9.340211241178236e-006	1.310956e-001
9.486354098321167e-006	1.299311e-001
9.632496955464097e-006	1.288934e-001
9.778639812607028e-006	1.279827e-001
9.924782669749957e-006	1.271988e-001
1.007092552689289e-005	1.265419e-001
1.021706838403582e-005	1.260118e-001
1.021806838403582e-005	1.260085e-001
1.036421124117875e-005	1.255867e-001
1.051035409832168e-005	1.252606e-001
1.065649695546461e-005	1.250302e-001
1.080263981260754e-005	1.248956e-001
1.094878266975047e-005	1.248567e-001
1.109492552689340e-005	1.249135e-001
1.124106838403633e-005	1.250660e-001
1.124206838403633e-005	1.250673e-001
1.138821124117926e-005	1.253013e-001
1.153435409832219e-005	1.256071e-001
1.168049695546512e-005	1.259848e-001
1.182663981260805e-005	1.264343e-001
1.197278266975098e-005	1.269557e-001
1.211892552689391e-005	1.275489e-001
1.226506838403684e-005	1.282140e-001
1.226606838403684e-005	1.282187e-001
1.241221124117977e-005	1.289447e-001
1.255835409832270e-005	1.297243e-001
1.270449695546563e-005	1.305575e-001
1.285063981260856e-005	1.314443e-001
1.299678266975149e-005	1.323847e-001
1.314292552689442e-005	1.333787e-001
1.328906838403735e-005	1.344263e-001
1.329006838403735e-005	1.344335e-001
1.343621124118028e-005	1.355263e-001
1.358235409832321e-005	1.366587e-001
1.372849695546614e-005	1.378308e-001
1.387463981260907e-005	1.390424e-001
1.402078266975200e-005	1.402937e-001
1.416692552689493e-005	1.415846e-001
1.431306838403786e-005	1.429152e-001
1.431406838403786e-005	1.429244e-001
1.446021124118077e-005	1.442881e-001
1.460635409832368e-005	1.456808e-001
1.475249695546659e-005	1.471024e-001
1.489863981260951e-005	1.485530e-001
1.504478266975242e-005	1.500326e-001
1.519092552689533e-005	1.515411e-001
1.533706838403824e-005	1.530785e-001
1.533806838403824e-005	1.530891e-001
1.548421124118092e-005	1.546506e-001
1.563035409832360e-005	1.562328e-001
1.577649695546628e-005	1.578359e-001
1.592263981260897e-005	1.594598e-001
1.606878266975165e-005	1.611044e-001
1.621492552689433e-005	1.627698e-001
1.636106838403701e-005	1.644561e-001
1.636206838403701e-005	1.644676e-001
1.650821124117970e-005	1.661709e-001
1.665435409832238e-005	1.678887e-001
1.680049695546506e-005	1.696211e-001
1.694663981260774e-005	1.713681e-001
1.709278266975043e-005	1.731296e-001
1.723892552689311e-005	1.749057e-001
1.738506838403579e-005	1.766964e-001
1.738606838403579e-005	1.767087e-001
1.753221124117847e-005	1.785111e-001
1.767835409832115e-005	1.803232e-001
1.782449695546384e-005	1.821452e-001
1.797063981260652e-005	1.839771e-001
1.811678266974920e-005	1.858187e-001
1.826292552689188e-005	1.876702e-001
1.840906838403457e-005	1.895315e-001
1.841006838403457e-005	1.895443e-001
1.855621124117725e-005	1.914132e-001
1.870235409831993e-005	1.932883e-001
1.884849695546261e-005	1.951697e-001
1.899463981260530e-005	1.970573e-001
1.914078266974798e-005	1.989510e-001
1.928692552689066e-005	2.008510e-001
1.943306838403334e-005	2.027572e-001
1.943406838403334e-005	2.027703e-001
1.958021124117602e-005	2.046810e-001
1.972635409831870e-005	2.065952e-001
1.987249695546139e-005	2.085129e-001
2.001863981260407e-005	2.104340e-001
2.016478266974675e-005	2.123587e-001
2.031092552688944e-005	2.142867e-001
2.045706838403212e-005	2.162183e-001
2.045806838403212e-005	2.162315e-001
2.148206838403089e-005	2.298102e-001
2.250606838402967e-005	2.434174e-001
2.353006838402844e-005	2.569860e-001
2.455406838402722e-005	2.704657e-001
2.557806838402600e-005	2.838191e-001
2.660206838402477e-005	2.970186e-001
2.762606838402355e-005	3.100442e-001
2.865006838402232e-005	3.228816e-001
2.967406838402110e-005	3.355209e-001
3.069806838402049e-005	3.479554e-001
3.172206838402273e-005	3.601812e-001
3.274606838402498e-005	3.721960e-001
3.377006838402723e-005	3.839992e-001
3.479406838402947e-005	3.955912e-001
3.581806838403172e-005	4.069734e-001
3.684206838403396e-005	4.181475e-001
3.786606838403621e-005	4.291160e-001
3.889006838403845e-005	4.398813e-001
3.991406838404070e-005	4.504465e-001
4.093806838404294e-005	4.608146e-001
4.196206838404519e-005	4.709888e-001
4.298606838404743e-005	4.809722e-001
4.401006838404968e-005	4.907682e-001
4.503406838405192e-005	5.003801e-001
4.605806838405417e-005	5.098112e-001
4.708206838405641e-005	5.190646e-001
4.810606838405866e-005	5.281437e-001
4.913006838406091e-005	5.370517e-001
5.015406838406315e-005	5.457917e-001
5.117806838406540e-005	5.543669e-001
5.220206838406764e-005	5.627803e-001
5.322606838406989e-005	5.710348e-001
5.425006838407213e-005	5.791337e-001
5.527406838407438e-005	5.870797e-001
5.629806838407662e-005	5.948757e-001
5.732206838407887e-005	6.025246e-001
5.834606838408111e-005	6.100290e-001
5.937006838408336e-005	6.173918e-001
6.039406838408560e-005	6.246156e-001
6.141806838408785e-005	6.317031e-001
6.244206838409009e-005	6.386567e-001
6.346606838409234e-005	6.454790e-001
6.449006838409459e-005	6.521725e-001
6.551406838409683e-005	6.587397e-001
6.653806838409908e-005	6.651828e-001
6.756206838410132e-005	6.715044e-001
6.858606838410357e-005	6.777065e-001
6.961006838410581e-005	6.837916e-001
7.063406838410806e-005	6.897618e-001
7.165806838411030e-005	6.956192e-001
7.268206838411255e-005	7.013661e-001
7.370606838411479e-005	7.070045e-001
7.473006838411704e-005	7.125364e-001
7.575406838411928e-005	7.179639e-001
7.677806838412153e-005	7.232888e-001
7.780206838412377e-005	7.285133e-001
7.882606838412602e-005	7.336391e-001
7.985006838412827e-005	7.386681e-001
8.087406838413051e-005	7.436023e-001
8.189806838413276e-005	7.484432e-001
8.292206838413500e-005	7.531927e-001
8.394606838413725e-005	7.578526e-001
8.497006838413949e-005	7.624244e-001
8.599406838414174e-005	7.669100e-001
8.701806838414398e-005	7.713109e-001
8.804206838414623e-005	7.756286e-001
8.906606838414847e-005	7.798649e-001
9.009006838415072e-005	7.840211e-001
9.111406838415296e-005	7.880989e-001
9.213806838415521e-005	7.920998e-001
9.316206838415745e-005	7.960250e-001
9.418606838415970e-005	7.998762e-001
9.521006838416195e-005	8.036546e-001
9.623406838416419e-005	8.073617e-001
9.725806838416644e-005	8.109989e-001
9.828206838416868e-005	8.145673e-001
9.930606838417093e-005	8.180683e-001
1.003300683841732e-004	8.215033e-001
1.013540683841754e-004	8.248734e-001
1.023780683841777e-004	8.281799e-001
1.034020683841799e-004	8.314240e-001
1.044260683841822e-004	8.346068e-001
1.054500683841844e-004	8.377295e-001
1.064740683841866e-004	8.407933e-001
1.074980683841889e-004	8.437992e-001
1.085220683841911e-004	8.467483e-001
1.095460683841934e-004	8.496418e-001
1.105700683841956e-004	8.524806e-001
1.115940683841979e-004	8.552659e-001
1.126180683842001e-004	8.579985e-001
1.136420683842024e-004	8.606796e-001
1.146660683842046e-004	8.633100e-001
1.156900683842069e-004	8.658908e-001
1.167140683842091e-004	8.684229e-001
1.177380683842113e-004	8.709071e-001
1.187620683842136e-004	8.733445e-001
1.197860683842158e-004	8.757358e-001
1.208100683842181e-004	8.780820e-001
1.218340683842203e-004	8.803838e-001
1.228580683842119e-004	8.826423e-001
1.238820683842003e-004	8.848580e-001
1.249060683841886e-004	8.870320e-001
1.259300683841770e-004	8.891649e-001
1.269540683841654e-004	8.912575e-001
1.279780683841537e-004	8.933106e-001
1.290020683841421e-004	8.953249e-001
1.300260683841305e-004	8.973013e-001
1.310500683841188e-004	8.992403e-001
1.320740683841072e-004	9.011427e-001
1.330980683840956e-004	9.030092e-001
1.341220683840839e-004	9.048404e-001
1.351460683840723e-004	9.066371e-001
1.361700683840607e-004	9.083998e-001
1.371940683840490e-004	9.101292e-001
1.382180683840374e-004	9.118261e-001
1.392420683840258e-004	9.134908e-001
1.402660683840141e-004	9.151242e-001
1.412900683840025e-004	9.167267e-001
1.423140683839909e-004	9.182990e-001
1.433380683839792e-004	9.198415e-001
1.443620683839676e-004	9.213549e-001
1.453860683839560e-004	9.228398e-001
1.464100683839443e-004	9.242966e-001
1.474340683839327e-004	9.257259e-001
1.484580683839211e-004	9.271283e-001
1.494820683839095e-004	9.285041e-001
1.505060683838978e-004	9.298540e-001
1.515300683838862e-004	9.311784e-001
1.525540683838746e-004	9.324778e-001
1.535780683838629e-004	9.337527e-001
1.546020683838513e-004	9.350035e-001
1.556260683838397e-004	9.362306e-001
1.566500683838280e-004	9.374346e-001
1.576740683838164e-004	9.386159e-001
1.586980683838048e-004	9.397749e-001
1.597220683837931e-004	9.409119e-001
1.607460683837815e-004	9.420276e-001
1.617700683837699e-004	9.431221e-001
1.627940683837582e-004	9.441960e-001
1.638180683837466e-004	9.452496e-001
1.648420683837350e-004	9.462833e-001
1.658660683837233e-004	9.472975e-001
1.668900683837117e-004	9.482926e-001
1.679140683837001e-004	9.492688e-001
1.689380683836884e-004	9.502267e-001
1.699620683836768e-004	9.511664e-001
1.709860683836652e-004	9.520884e-001
1.720100683836535e-004	9.529930e-001
1.730340683836419e-004	9.538805e-001
1.740580683836303e-004	9.547513e-001
1.750820683836186e-004	9.556056e-001
1.761060683836070e-004	9.564438e-001
1.771300683835954e-004	9.572662e-001
1.781540683835837e-004	9.580730e-001
1.791780683835721e-004	9.588646e-001
1.802020683835605e-004	9.596413e-001
1.812260683835488e-004	9.604033e-001
1.822500683835372e-004	9.611509e-001
1.832740683835256e-004	9.618843e-001
1.842980683835139e-004	9.626040e-001
1.853220683835023e-004	9.633101e-001
1.863460683834907e-004	9.640028e-001
1.873700683834791e-004	9.646824e-001
1.883940683834674e-004	9.653493e-001
1.894180683834558e-004	9.660035e-001
1.904420683834442e-004	9.666454e-001
1.914660683834325e-004	9.672751e-001
1.924900683834209e-004	9.678929e-001
1.935140683834093e-004	9.684991e-001
1.945380683833976e-004	9.690939e-001
1.955620683833860e-004	9.696774e-001
1.965860683833744e-004	9.702500e-001
1.976100683833627e-004	9.708116e-001
1.986340683833511e-004	9.713627e-001
1.996580683833395e-004	9.719034e-001
2.006820683833278e-004	9.724339e-001
2.017060683833162e-004	9.729543e-001
2.027300683833046e-004	9.734650e-001
2.037540683832929e-004	9.739660e-001
2.047780683832813e-004	9.744575e-001
2.058020683832697e-004	9.749398e-001
2.068260683832580e-004	9.754129e-001
2.078500683832464e-004	9.758772e-001
2.088740683832348e-004	9.763326e-001
2.098980683832231e-004	9.767795e-001
2.109220683832115e-004	9.772179e-001
2.119460683831999e-004	9.776480e-001
2.129700683831882e-004	9.780700e-001
2.139940683831766e-004	9.784841e-001
2.150180683831650e-004	9.788903e-001
2.160420683831533e-004	9.792889e-001
2.170660683831417e-004	9.796799e-001
2.180900683831301e-004	9.800636e-001
2.191140683831184e-004	9.804400e-001
2.201380683831068e-004	9.808093e-001
2.211620683830952e-004	9.811716e-001
2.221860683830835e-004	9.815271e-001
2.232100683830719e-004	9.818759e-001
2.242340683830603e-004	9.822181e-001
2.252580683830486e-004	9.825538e-001
2.262820683830370e-004	9.828832e-001
2.273060683830254e-004	9.832064e-001
2.283300683830138e-004	9.835234e-001
2.293540683830021e-004	9.838345e-001
2.303780683829905e-004	9.841397e-001
2.314020683829789e-004	9.844392e-001
2.324260683829672e-004	9.847330e-001
2.334500683829556e-004	9.850212e-001
2.344740683829440e-004	9.853041e-001
2.354980683829323e-004	9.855815e-001
2.365220683829207e-004	9.858537e-001
2.375460683829091e-004	9.861208e-001
2.385700683828974e-004	9.863829e-001
2.395940683828858e-004	9.866400e-001
2.406180683828742e-004	9.868922e-001
2.416420683828625e-004	9.871397e-001
2.426660683828509e-004	9.873825e-001
2.436900683828393e-004	9.876207e-001
2.447140683828432e-004	9.878545e-001
2.457380683828593e-004	9.880838e-001
2.467620683828754e-004	9.883088e-001
2.477860683828915e-004	9.885295e-001
2.488100683829077e-004	9.887460e-001
2.498340683829238e-004	9.889585e-001
2.508580683829399e-004	9.891670e-001
2.518820683829560e-004	9.893715e-001
2.529060683829721e-004	9.895722e-001
2.539300683829883e-004	9.897691e-001
2.549540683830044e-004	9.899623e-001
2.559780683830205e-004	9.901518e-001
2.570020683830366e-004	9.903377e-001
2.580260683830528e-004	9.905202e-001
2.590500683830689e-004	9.906991e-001
2.600740683830850e-004	9.908748e-001
2.610980683831011e-004	9.910470e-001
2.621220683831173e-004	9.912161e-001
2.631460683831334e-004	9.913819e-001
2.641700683831495e-004	9.915446e-001
2.651940683831656e-004	9.917043e-001
2.662180683831817e-004	9.918609e-001
2.672420683831979e-004	9.920146e-001
2.682660683832140e-004	9.921653e-001
2.692900683832301e-004	9.923133e-001
2.703140683832462e-004	9.924584e-001
2.713380683832624e-004	9.926008e-001
2.723620683832785e-004	9.927405e-001
2.733860683832946e-004	9.928775e-001
2.744100683833107e-004	9.930120e-001
2.754340683833269e-004	9.931440e-001
2.764580683833430e-004	9.932734e-001
2.774820683833591e-004	9.934004e-001
2.785060683833752e-004	9.935250e-001
2.795300683833914e-004	9.936473e-001
2.805540683834075e-004	9.937672e-001
2.815780683834236e-004	9.938849e-001
2.826020683834397e-004	9.940003e-001
2.836260683834558e-004	9.941136e-001
2.846500683834720e-004	9.942247e-001
2.856740683834881e-004	9.943338e-001
2.866980683835042e-004	9.944408e-001
2.877220683835203e-004	9.945458e-001
2.887460683835365e-004	9.946487e-001
2.897700683835526e-004	9.947497e-001
2.907940683835687e-004	9.948488e-001
2.918180683835848e-004	9.949461e-001
2.928420683836010e-004	9.950415e-001
2.938660683836171e-004	9.951352e-001
2.948900683836332e-004	9.952270e-001
2.959140683836493e-004	9.953172e-001
2.969380683836654e-004	9.954056e-001
2.979620683836816e-004	9.954923e-001
2.989860683836977e-004	9.955774e-001
2.999990683837136e-004	9.956600e-001
3.000000000000000e-004	9.956601e-001
